test/1c11f389a2f2673a,58,1277,773
test/2947f0ba0babf16b,1168,1572,1947
test/48ad87161306a11e,1504,1056,1782
test/6d7433b4c9a6b24a,202,2065,2980
test/7c27063ed661f51c,77,2417,1540
test/8af609f92f94eba4,471,21,1174
test/96116d2b916ade74,684,1394,2732,1276
test/b1d3c1ff18a2cc76,1803,180,1878
test/b4bd159f5e631dc8,2202,489,2449,1152
test/bdcfc349991f0327,1687,2455,1727
test/bfa8dd6b7a851d39,1610,1108,2052
test/c8a4b7bab0e293e5,2472,2301,2909,1975
test/e6bd64a60bbef623,2035,955,612
test/fc547a967d92bc53,1246,1023,2415
