ILSVRC2012_val_00000998.JPEG,652 847 465 408 413
ILSVRC2012_val_00006540.JPEG,842 814 977 978 693 445 639
ILSVRC2012_val_00007145.JPEG,898 455 680 711 968 473 826
ILSVRC2012_val_00012625.JPEG,905 526 664 831 846 721 851 750 894
ILSVRC2012_val_00015184.JPEG,650 401 402 546 559 818 819 889
ILSVRC2012_val_00017903.JPEG,896 804 838 585 631
ILSVRC2012_val_00018817.JPEG,937 939 943 950 951 954
ILSVRC2012_val_00027015.JPEG,640 919 841 468 728 608
ILSVRC2012_val_00029268.JPEG,513 776 683 875 822 541 542
ILSVRC2012_val_00034982.JPEG,514 948 836 837 852 489 636
ILSVRC2012_val_00036160.JPEG,673 613 681 620 526 527 662 632 508
ILSVRC2012_val_00036499.JPEG,907 910 532 923 924 936 966 762
