HICO_test2015_00000255.jpg,296 297 299 300 301
HICO_test2015_00000374.jpg,538 540 541 542 543 544
HICO_test2015_00000695.jpg,199 201 202 203 204 206
HICO_test2015_00001170.jpg,76 78 79 81 83
HICO_test2015_00002595.jpg,177 178 180 183 184
HICO_test2015_00002939.jpg,146 151 152 153 155 157
HICO_test2015_00002990.jpg,64 67 72 73 505
HICO_test2015_00003142.jpg,256 376 377 378 380 452
HICO_test2015_00003573.jpg,273 275 277 278 281
HICO_test2015_00004867.jpg,409 412 419 420 423 424 426
HICO_test2015_00007725.jpg,463 466 468 469 471 472
HICO_test2015_00008248.jpg,54 55 56 58 60 61
